3.626815178752053059e-01
3.713070524728658839e-01
3.808699767564536764e-01
3.911122759474657817e-01
4.021510498869192984e-01
4.136070983490948150e-01
4.257763951863872687e-01
4.379079666855877906e-01
4.503106180261511327e-01
4.625731975371528137e-01
4.738254102475415452e-01
4.842428635665586012e-01
4.936471011859580038e-01
5.015636259915274842e-01
5.079772424731263669e-01
5.128446003045015189e-01
5.160625484545979802e-01
5.175746919825603420e-01
5.174193171449988915e-01
5.156613656558420855e-01
5.124139788948482988e-01
5.079789739073744537e-01
5.023848898042787559e-01
4.949172850759402942e-01
4.870641968053784354e-01
4.783606709569962478e-01
4.699228840427664977e-01
4.609403798067777669e-01
4.516078442635435564e-01
4.424037541385936190e-01
4.331849290028487176e-01
4.241066488227174247e-01
4.154220392139056917e-01
4.068957274825287795e-01
3.986712039735323954e-01
3.909265053851730953e-01
3.830398966825801499e-01
3.764382570037232978e-01
3.704489709421506238e-01
3.651080261844461550e-01
