3.638332540492628664e-01
3.659606767707686004e-01
3.681781924012206275e-01
3.703801189567353935e-01
3.723618178139485591e-01
3.740535873121410004e-01
3.754671653677719712e-01
3.769532762420346739e-01
3.779998839100380259e-01
3.791236943847481333e-01
3.802274965604797718e-01
3.816969387656921064e-01
3.826644675196980150e-01
3.838849119585992509e-01
3.845249140884953731e-01
3.843662311498455275e-01
3.849634795367240514e-01
3.855890089230935569e-01
3.858783333070577304e-01
3.863165835600747555e-01
3.869806208330311970e-01
3.861598872555936923e-01
3.856456654860475619e-01
3.854341534836641658e-01
3.848325382335380240e-01
3.840950432919469915e-01
3.838598662153088203e-01
3.829050874693202822e-01
3.817838949147551175e-01
3.805118902178309392e-01
3.786981147532907932e-01
3.775062733245000968e-01
3.763360000012094253e-01
3.750682539277135352e-01
3.737540212697322839e-01
3.720297592228453687e-01
3.703999333184730403e-01
3.683828396039794950e-01
3.658922840991903347e-01
3.636142462973629974e-01
